26
26
25
25
25
25
25
25
25
25
25
25
25
25
25
26
26
26
26
26
26
26
26
27
27
27
27
27
27
27
28
28
28
28
28
29
29
29
29
29
29
29
29
29
29
29
29
29
29
29
29
29
29
29
29
29
29
29
29
29
29
29
29
29
29
29
29
29
29
29
29
29
29
29
29
29
29
29
29
29
29
29
29
29
29
29
29
29
29
29
29
29
29
29
29
29
29
29
29
29
29
29
29
29
29
29
29
29
29
29
29
29
29
29
33
32
32
31
31
31
31
31
30
29
29
29
29
30
30
29
29
28
27
27
27
28
29
33
33
31
29
27
27
27
27
28
33
33
33
27
27
27
27
28
30
30
27
26
26
26
26
27
27
27
26
26
26
26
26
26
26
26
26
26
26
26
26
26
26
26
26
26
26
26
26
26
26
26
26
26
26
26
26
26
26
26
26
27
27
27
27
26
27
27
27
27
27
27
27
28
29
30
29
29
29
33
33
32
32
31
31
31
31
32
32
32
32
32
32
32
33
34
34
35
35
35
35
35
35
35
35
35
35
35
35
35
35
35
35
35
35
35
35
35
35
35
35
35
35
35
35
35
35
35
35
35
35
35
35
35
35
35
35
35
35
77
77
77
77
77
77
77
77
77
77
77
77
77
77
77
77
77
77
77
77
77
77
77
77
77
75
75
75
75
75
75
75
75
75
75
75
75
75
75
75
75
75
75
75
75
30
29
29
29
29
28
28
28
27
27
27
27
26
26
26
26
26
26
26
26
26
26
26
26
26
25
26
26
26
25
25
25
25
25
25
25
25
25
25
25
