74
74
74
74
74
74
74
74
74
74
74
74
73
73
73
73
73
73
73
73
73
73
73
73
73
73
73
73
73
73
73
73
73
73
73
73
73
73
73
73
73
73
73
73
73
73
73
73
73
73
73
73
73
73
73
73
73
73
73
73
73
73
73
73
73
73
73
73
73
73
73
73
73
73
73
73
73
73
73
73
73
73
65
65
65
65
65
65
65
64
63
63
63
63
63
63
63
63
63
63
63
63
63
62
62
-1
-1
62
63
63
63
63
63
63
61
61
61
61
61
62
63
63
63
63
63
63
63
63
63
63
63
63
63
63
63
63
63
63
63
63
64
64
64
64
64
64
64
64
64
64
64
64
64
64
64
64
64
64
64
64
64
64
34
34
34
33
33
32
32
32
32
31
31
31
31
31
31
30
30
30
30
30
30
30
29
29
29
29
28
28
28
28
28
28
28
27
27
28
28
28
28
28
28
28
28
28
29
29
29
29
30
30
30
30
30
30
30
31
31
31
31
31
31
32
32
32
32
33
33
33
34
34
34
34
34
34
34
34
34
34
34
34
34
34
34
34
34
34
34
34
34
34
34
34
34
34
34
66
67
67
54
54
54
54
53
53
52
52
53
53
55
55
54
53
53
52
52
52
52
52
52
52
52
52
52
52
52
52
52
52
52
52
52
52
52
52
52
52
52
52
52
52
53
54
54
54
53
53
53
52
46
53
46
46
54
55
46
46
54
55
55
55
55
55
55
55
55
55
55
55
55
55
55
55
55
55
55
55
55
55
55
55
55
55
55
55
55
55
55
55
55
55
55
55
55
55
55
55
55
55
